SM:2025-11-03T17:06:41.4015062Z
LM:2025-11-03T17:19:00.9637092Z
CT:image/jpeg
MA:2592000
CL:19609
