SM:2025-11-03T17:06:41.4015062Z
LM:2025-11-03T17:06:43.6671157Z
CT:image/jpeg
MA:2592000
CL:412650
