SM:2025-11-03T17:06:41.3974614Z
LM:2025-11-03T17:19:00.9646506Z
CT:image/jpeg
MA:2592000
CL:56859
